{
 "cells": [
  {
   "cell_type": "code",
   "execution_count": 1,
   "metadata": {},
   "outputs": [],
   "source": [
    "import random\n",
    "\n",
    "import pandas as pd\n",
    "\n",
    "random.seed(42)"
   ]
  },
  {
   "cell_type": "code",
   "execution_count": 3,
   "metadata": {},
   "outputs": [],
   "source": [
    "results = pd.read_csv(\"../reports/model_metrics.csv\")"
   ]
  },
  {
   "cell_type": "code",
   "execution_count": 4,
   "metadata": {},
   "outputs": [
    {
     "data": {
      "text/html": [
       "<div>\n",
       "<style scoped>\n",
       "    .dataframe tbody tr th:only-of-type {\n",
       "        vertical-align: middle;\n",
       "    }\n",
       "\n",
       "    .dataframe tbody tr th {\n",
       "        vertical-align: top;\n",
       "    }\n",
       "\n",
       "    .dataframe thead th {\n",
       "        text-align: right;\n",
       "    }\n",
       "</style>\n",
       "<table border=\"1\" class=\"dataframe\">\n",
       "  <thead>\n",
       "    <tr style=\"text-align: right;\">\n",
       "      <th></th>\n",
       "      <th>model</th>\n",
       "      <th>accuracy</th>\n",
       "      <th>train_accuracy</th>\n",
       "      <th>recall</th>\n",
       "      <th>precision</th>\n",
       "      <th>cost</th>\n",
       "      <th>latency</th>\n",
       "      <th>date</th>\n",
       "    </tr>\n",
       "  </thead>\n",
       "  <tbody>\n",
       "    <tr>\n",
       "      <th>16</th>\n",
       "      <td>fastText_finance_fastText</td>\n",
       "      <td>92.74</td>\n",
       "      <td>0.930048</td>\n",
       "      <td>90.68</td>\n",
       "      <td>94.40</td>\n",
       "      <td>0.000000</td>\n",
       "      <td>8.886066e+03</td>\n",
       "      <td>2025-03-07 20:50:06.069900</td>\n",
       "    </tr>\n",
       "    <tr>\n",
       "      <th>11</th>\n",
       "      <td>fastText_healthcare_fastText</td>\n",
       "      <td>98.49</td>\n",
       "      <td>0.984333</td>\n",
       "      <td>98.34</td>\n",
       "      <td>98.65</td>\n",
       "      <td>0.000000</td>\n",
       "      <td>1.253661e+04</td>\n",
       "      <td>2025-03-07 20:39:46.425159</td>\n",
       "    </tr>\n",
       "    <tr>\n",
       "      <th>6</th>\n",
       "      <td>fastText_law_fastText</td>\n",
       "      <td>98.40</td>\n",
       "      <td>0.984952</td>\n",
       "      <td>97.77</td>\n",
       "      <td>99.04</td>\n",
       "      <td>0.000000</td>\n",
       "      <td>1.714079e+04</td>\n",
       "      <td>2025-03-07 20:25:03.789099</td>\n",
       "    </tr>\n",
       "    <tr>\n",
       "      <th>20</th>\n",
       "      <td>XGBoost_finance_baai</td>\n",
       "      <td>99.09</td>\n",
       "      <td>0.999857</td>\n",
       "      <td>99.39</td>\n",
       "      <td>98.77</td>\n",
       "      <td>0.000000</td>\n",
       "      <td>5.637802e+05</td>\n",
       "      <td>2025-03-07 21:00:05.017368</td>\n",
       "    </tr>\n",
       "    <tr>\n",
       "      <th>18</th>\n",
       "      <td>XGBoost_finance_mini</td>\n",
       "      <td>99.08</td>\n",
       "      <td>0.999952</td>\n",
       "      <td>99.35</td>\n",
       "      <td>98.79</td>\n",
       "      <td>0.000000</td>\n",
       "      <td>6.539482e+05</td>\n",
       "      <td>2025-03-07 20:52:52.268685</td>\n",
       "    </tr>\n",
       "    <tr>\n",
       "      <th>19</th>\n",
       "      <td>SVM_finance_baai</td>\n",
       "      <td>97.30</td>\n",
       "      <td>0.974857</td>\n",
       "      <td>98.38</td>\n",
       "      <td>96.24</td>\n",
       "      <td>0.000000</td>\n",
       "      <td>8.523189e+05</td>\n",
       "      <td>2025-03-07 20:59:57.429455</td>\n",
       "    </tr>\n",
       "    <tr>\n",
       "      <th>14</th>\n",
       "      <td>SVM_healthcare_baai</td>\n",
       "      <td>99.64</td>\n",
       "      <td>0.996048</td>\n",
       "      <td>99.47</td>\n",
       "      <td>99.82</td>\n",
       "      <td>0.000000</td>\n",
       "      <td>1.085497e+06</td>\n",
       "      <td>2025-03-07 20:49:56.313014</td>\n",
       "    </tr>\n",
       "    <tr>\n",
       "      <th>15</th>\n",
       "      <td>XGBoost_healthcare_baai</td>\n",
       "      <td>99.69</td>\n",
       "      <td>1.000000</td>\n",
       "      <td>99.58</td>\n",
       "      <td>99.80</td>\n",
       "      <td>0.000000</td>\n",
       "      <td>1.147282e+06</td>\n",
       "      <td>2025-03-07 20:50:03.047010</td>\n",
       "    </tr>\n",
       "    <tr>\n",
       "      <th>17</th>\n",
       "      <td>SVM_finance_mini</td>\n",
       "      <td>98.00</td>\n",
       "      <td>0.984333</td>\n",
       "      <td>98.99</td>\n",
       "      <td>97.02</td>\n",
       "      <td>0.000000</td>\n",
       "      <td>1.222970e+06</td>\n",
       "      <td>2025-03-07 20:52:42.269005</td>\n",
       "    </tr>\n",
       "    <tr>\n",
       "      <th>13</th>\n",
       "      <td>XGBoost_healthcare_mini</td>\n",
       "      <td>99.77</td>\n",
       "      <td>1.000000</td>\n",
       "      <td>99.62</td>\n",
       "      <td>99.91</td>\n",
       "      <td>0.000000</td>\n",
       "      <td>1.302094e+06</td>\n",
       "      <td>2025-03-07 20:41:17.843117</td>\n",
       "    </tr>\n",
       "    <tr>\n",
       "      <th>12</th>\n",
       "      <td>SVM_healthcare_mini</td>\n",
       "      <td>99.70</td>\n",
       "      <td>0.997905</td>\n",
       "      <td>99.60</td>\n",
       "      <td>99.80</td>\n",
       "      <td>0.000000</td>\n",
       "      <td>1.305810e+06</td>\n",
       "      <td>2025-03-07 20:41:11.274734</td>\n",
       "    </tr>\n",
       "    <tr>\n",
       "      <th>8</th>\n",
       "      <td>XGBoost_law_mini</td>\n",
       "      <td>99.80</td>\n",
       "      <td>1.000000</td>\n",
       "      <td>99.80</td>\n",
       "      <td>99.80</td>\n",
       "      <td>0.000000</td>\n",
       "      <td>1.361259e+06</td>\n",
       "      <td>2025-03-07 20:26:45.103604</td>\n",
       "    </tr>\n",
       "    <tr>\n",
       "      <th>7</th>\n",
       "      <td>SVM_law_mini</td>\n",
       "      <td>99.79</td>\n",
       "      <td>0.999000</td>\n",
       "      <td>99.80</td>\n",
       "      <td>99.78</td>\n",
       "      <td>0.000000</td>\n",
       "      <td>1.416988e+06</td>\n",
       "      <td>2025-03-07 20:26:38.685264</td>\n",
       "    </tr>\n",
       "    <tr>\n",
       "      <th>9</th>\n",
       "      <td>SVM_law_baai</td>\n",
       "      <td>99.79</td>\n",
       "      <td>0.998429</td>\n",
       "      <td>99.76</td>\n",
       "      <td>99.82</td>\n",
       "      <td>0.000000</td>\n",
       "      <td>1.811192e+06</td>\n",
       "      <td>2025-03-07 20:39:32.687603</td>\n",
       "    </tr>\n",
       "    <tr>\n",
       "      <th>10</th>\n",
       "      <td>XGBoost_law_baai</td>\n",
       "      <td>99.67</td>\n",
       "      <td>1.000000</td>\n",
       "      <td>99.67</td>\n",
       "      <td>99.67</td>\n",
       "      <td>0.000000</td>\n",
       "      <td>1.904261e+06</td>\n",
       "      <td>2025-03-07 20:39:41.691328</td>\n",
       "    </tr>\n",
       "    <tr>\n",
       "      <th>3</th>\n",
       "      <td>modernbert_healthcare_bert-base</td>\n",
       "      <td>93.20</td>\n",
       "      <td>0.932033</td>\n",
       "      <td>82.16</td>\n",
       "      <td>88.80</td>\n",
       "      <td>0.000000</td>\n",
       "      <td>2.029725e+07</td>\n",
       "      <td>2025-03-07 19:06:38.762254</td>\n",
       "    </tr>\n",
       "    <tr>\n",
       "      <th>1</th>\n",
       "      <td>modernbert_law_bert-base</td>\n",
       "      <td>93.66</td>\n",
       "      <td>0.936600</td>\n",
       "      <td>86.82</td>\n",
       "      <td>89.40</td>\n",
       "      <td>0.000000</td>\n",
       "      <td>2.170453e+07</td>\n",
       "      <td>2025-03-07 17:48:05.832619</td>\n",
       "    </tr>\n",
       "    <tr>\n",
       "      <th>5</th>\n",
       "      <td>modernbert_finance_bert-base</td>\n",
       "      <td>69.54</td>\n",
       "      <td>0.695400</td>\n",
       "      <td>39.41</td>\n",
       "      <td>85.72</td>\n",
       "      <td>0.000000</td>\n",
       "      <td>2.410335e+07</td>\n",
       "      <td>2025-03-07 20:24:56.220842</td>\n",
       "    </tr>\n",
       "    <tr>\n",
       "      <th>4</th>\n",
       "      <td>gpt4o-mini_finance_ada-002</td>\n",
       "      <td>77.35</td>\n",
       "      <td>0.773500</td>\n",
       "      <td>63.42</td>\n",
       "      <td>83.83</td>\n",
       "      <td>0.010701</td>\n",
       "      <td>7.162212e+08</td>\n",
       "      <td>2025-03-07 20:12:03.446976</td>\n",
       "    </tr>\n",
       "    <tr>\n",
       "      <th>2</th>\n",
       "      <td>gpt4o-mini_healthcare_ada-002</td>\n",
       "      <td>96.67</td>\n",
       "      <td>0.966750</td>\n",
       "      <td>99.16</td>\n",
       "      <td>88.26</td>\n",
       "      <td>0.023088</td>\n",
       "      <td>7.504201e+08</td>\n",
       "      <td>2025-03-07 18:55:54.076138</td>\n",
       "    </tr>\n",
       "    <tr>\n",
       "      <th>0</th>\n",
       "      <td>gpt4o-mini_law_ada-002</td>\n",
       "      <td>98.40</td>\n",
       "      <td>0.984000</td>\n",
       "      <td>99.19</td>\n",
       "      <td>95.25</td>\n",
       "      <td>0.041172</td>\n",
       "      <td>8.976080e+08</td>\n",
       "      <td>2025-03-07 17:36:43.924025</td>\n",
       "    </tr>\n",
       "  </tbody>\n",
       "</table>\n",
       "</div>"
      ],
      "text/plain": [
       "                              model  accuracy  train_accuracy  recall  \\\n",
       "16        fastText_finance_fastText     92.74        0.930048   90.68   \n",
       "11     fastText_healthcare_fastText     98.49        0.984333   98.34   \n",
       "6             fastText_law_fastText     98.40        0.984952   97.77   \n",
       "20             XGBoost_finance_baai     99.09        0.999857   99.39   \n",
       "18             XGBoost_finance_mini     99.08        0.999952   99.35   \n",
       "19                 SVM_finance_baai     97.30        0.974857   98.38   \n",
       "14              SVM_healthcare_baai     99.64        0.996048   99.47   \n",
       "15          XGBoost_healthcare_baai     99.69        1.000000   99.58   \n",
       "17                 SVM_finance_mini     98.00        0.984333   98.99   \n",
       "13          XGBoost_healthcare_mini     99.77        1.000000   99.62   \n",
       "12              SVM_healthcare_mini     99.70        0.997905   99.60   \n",
       "8                  XGBoost_law_mini     99.80        1.000000   99.80   \n",
       "7                      SVM_law_mini     99.79        0.999000   99.80   \n",
       "9                      SVM_law_baai     99.79        0.998429   99.76   \n",
       "10                 XGBoost_law_baai     99.67        1.000000   99.67   \n",
       "3   modernbert_healthcare_bert-base     93.20        0.932033   82.16   \n",
       "1          modernbert_law_bert-base     93.66        0.936600   86.82   \n",
       "5      modernbert_finance_bert-base     69.54        0.695400   39.41   \n",
       "4        gpt4o-mini_finance_ada-002     77.35        0.773500   63.42   \n",
       "2     gpt4o-mini_healthcare_ada-002     96.67        0.966750   99.16   \n",
       "0            gpt4o-mini_law_ada-002     98.40        0.984000   99.19   \n",
       "\n",
       "    precision      cost       latency                        date  \n",
       "16      94.40  0.000000  8.886066e+03  2025-03-07 20:50:06.069900  \n",
       "11      98.65  0.000000  1.253661e+04  2025-03-07 20:39:46.425159  \n",
       "6       99.04  0.000000  1.714079e+04  2025-03-07 20:25:03.789099  \n",
       "20      98.77  0.000000  5.637802e+05  2025-03-07 21:00:05.017368  \n",
       "18      98.79  0.000000  6.539482e+05  2025-03-07 20:52:52.268685  \n",
       "19      96.24  0.000000  8.523189e+05  2025-03-07 20:59:57.429455  \n",
       "14      99.82  0.000000  1.085497e+06  2025-03-07 20:49:56.313014  \n",
       "15      99.80  0.000000  1.147282e+06  2025-03-07 20:50:03.047010  \n",
       "17      97.02  0.000000  1.222970e+06  2025-03-07 20:52:42.269005  \n",
       "13      99.91  0.000000  1.302094e+06  2025-03-07 20:41:17.843117  \n",
       "12      99.80  0.000000  1.305810e+06  2025-03-07 20:41:11.274734  \n",
       "8       99.80  0.000000  1.361259e+06  2025-03-07 20:26:45.103604  \n",
       "7       99.78  0.000000  1.416988e+06  2025-03-07 20:26:38.685264  \n",
       "9       99.82  0.000000  1.811192e+06  2025-03-07 20:39:32.687603  \n",
       "10      99.67  0.000000  1.904261e+06  2025-03-07 20:39:41.691328  \n",
       "3       88.80  0.000000  2.029725e+07  2025-03-07 19:06:38.762254  \n",
       "1       89.40  0.000000  2.170453e+07  2025-03-07 17:48:05.832619  \n",
       "5       85.72  0.000000  2.410335e+07  2025-03-07 20:24:56.220842  \n",
       "4       83.83  0.010701  7.162212e+08  2025-03-07 20:12:03.446976  \n",
       "2       88.26  0.023088  7.504201e+08  2025-03-07 18:55:54.076138  \n",
       "0       95.25  0.041172  8.976080e+08  2025-03-07 17:36:43.924025  "
      ]
     },
     "execution_count": 4,
     "metadata": {},
     "output_type": "execute_result"
    }
   ],
   "source": [
    "results_sorted = results.sort_values(by='latency')\n",
    "results_sorted"
   ]
  },
  {
   "cell_type": "code",
   "execution_count": 5,
   "metadata": {},
   "outputs": [
    {
     "data": {
      "text/html": [
       "<div>\n",
       "<style scoped>\n",
       "    .dataframe tbody tr th:only-of-type {\n",
       "        vertical-align: middle;\n",
       "    }\n",
       "\n",
       "    .dataframe tbody tr th {\n",
       "        vertical-align: top;\n",
       "    }\n",
       "\n",
       "    .dataframe thead th {\n",
       "        text-align: right;\n",
       "    }\n",
       "</style>\n",
       "<table border=\"1\" class=\"dataframe\">\n",
       "  <thead>\n",
       "    <tr style=\"text-align: right;\">\n",
       "      <th></th>\n",
       "      <th>model</th>\n",
       "      <th>accuracy</th>\n",
       "      <th>train_accuracy</th>\n",
       "      <th>recall</th>\n",
       "      <th>precision</th>\n",
       "      <th>cost</th>\n",
       "      <th>latency</th>\n",
       "      <th>date</th>\n",
       "    </tr>\n",
       "  </thead>\n",
       "  <tbody>\n",
       "    <tr>\n",
       "      <th>13</th>\n",
       "      <td>XGBoost_healthcare_mini</td>\n",
       "      <td>99.77</td>\n",
       "      <td>1.000000</td>\n",
       "      <td>99.62</td>\n",
       "      <td>99.91</td>\n",
       "      <td>0.000000</td>\n",
       "      <td>1.302094e+06</td>\n",
       "      <td>2025-03-07 20:41:17.843117</td>\n",
       "    </tr>\n",
       "    <tr>\n",
       "      <th>14</th>\n",
       "      <td>SVM_healthcare_baai</td>\n",
       "      <td>99.64</td>\n",
       "      <td>0.996048</td>\n",
       "      <td>99.47</td>\n",
       "      <td>99.82</td>\n",
       "      <td>0.000000</td>\n",
       "      <td>1.085497e+06</td>\n",
       "      <td>2025-03-07 20:49:56.313014</td>\n",
       "    </tr>\n",
       "    <tr>\n",
       "      <th>9</th>\n",
       "      <td>SVM_law_baai</td>\n",
       "      <td>99.79</td>\n",
       "      <td>0.998429</td>\n",
       "      <td>99.76</td>\n",
       "      <td>99.82</td>\n",
       "      <td>0.000000</td>\n",
       "      <td>1.811192e+06</td>\n",
       "      <td>2025-03-07 20:39:32.687603</td>\n",
       "    </tr>\n",
       "    <tr>\n",
       "      <th>12</th>\n",
       "      <td>SVM_healthcare_mini</td>\n",
       "      <td>99.70</td>\n",
       "      <td>0.997905</td>\n",
       "      <td>99.60</td>\n",
       "      <td>99.80</td>\n",
       "      <td>0.000000</td>\n",
       "      <td>1.305810e+06</td>\n",
       "      <td>2025-03-07 20:41:11.274734</td>\n",
       "    </tr>\n",
       "    <tr>\n",
       "      <th>15</th>\n",
       "      <td>XGBoost_healthcare_baai</td>\n",
       "      <td>99.69</td>\n",
       "      <td>1.000000</td>\n",
       "      <td>99.58</td>\n",
       "      <td>99.80</td>\n",
       "      <td>0.000000</td>\n",
       "      <td>1.147282e+06</td>\n",
       "      <td>2025-03-07 20:50:03.047010</td>\n",
       "    </tr>\n",
       "    <tr>\n",
       "      <th>8</th>\n",
       "      <td>XGBoost_law_mini</td>\n",
       "      <td>99.80</td>\n",
       "      <td>1.000000</td>\n",
       "      <td>99.80</td>\n",
       "      <td>99.80</td>\n",
       "      <td>0.000000</td>\n",
       "      <td>1.361259e+06</td>\n",
       "      <td>2025-03-07 20:26:45.103604</td>\n",
       "    </tr>\n",
       "    <tr>\n",
       "      <th>7</th>\n",
       "      <td>SVM_law_mini</td>\n",
       "      <td>99.79</td>\n",
       "      <td>0.999000</td>\n",
       "      <td>99.80</td>\n",
       "      <td>99.78</td>\n",
       "      <td>0.000000</td>\n",
       "      <td>1.416988e+06</td>\n",
       "      <td>2025-03-07 20:26:38.685264</td>\n",
       "    </tr>\n",
       "    <tr>\n",
       "      <th>10</th>\n",
       "      <td>XGBoost_law_baai</td>\n",
       "      <td>99.67</td>\n",
       "      <td>1.000000</td>\n",
       "      <td>99.67</td>\n",
       "      <td>99.67</td>\n",
       "      <td>0.000000</td>\n",
       "      <td>1.904261e+06</td>\n",
       "      <td>2025-03-07 20:39:41.691328</td>\n",
       "    </tr>\n",
       "    <tr>\n",
       "      <th>6</th>\n",
       "      <td>fastText_law_fastText</td>\n",
       "      <td>98.40</td>\n",
       "      <td>0.984952</td>\n",
       "      <td>97.77</td>\n",
       "      <td>99.04</td>\n",
       "      <td>0.000000</td>\n",
       "      <td>1.714079e+04</td>\n",
       "      <td>2025-03-07 20:25:03.789099</td>\n",
       "    </tr>\n",
       "    <tr>\n",
       "      <th>18</th>\n",
       "      <td>XGBoost_finance_mini</td>\n",
       "      <td>99.08</td>\n",
       "      <td>0.999952</td>\n",
       "      <td>99.35</td>\n",
       "      <td>98.79</td>\n",
       "      <td>0.000000</td>\n",
       "      <td>6.539482e+05</td>\n",
       "      <td>2025-03-07 20:52:52.268685</td>\n",
       "    </tr>\n",
       "    <tr>\n",
       "      <th>20</th>\n",
       "      <td>XGBoost_finance_baai</td>\n",
       "      <td>99.09</td>\n",
       "      <td>0.999857</td>\n",
       "      <td>99.39</td>\n",
       "      <td>98.77</td>\n",
       "      <td>0.000000</td>\n",
       "      <td>5.637802e+05</td>\n",
       "      <td>2025-03-07 21:00:05.017368</td>\n",
       "    </tr>\n",
       "    <tr>\n",
       "      <th>11</th>\n",
       "      <td>fastText_healthcare_fastText</td>\n",
       "      <td>98.49</td>\n",
       "      <td>0.984333</td>\n",
       "      <td>98.34</td>\n",
       "      <td>98.65</td>\n",
       "      <td>0.000000</td>\n",
       "      <td>1.253661e+04</td>\n",
       "      <td>2025-03-07 20:39:46.425159</td>\n",
       "    </tr>\n",
       "    <tr>\n",
       "      <th>17</th>\n",
       "      <td>SVM_finance_mini</td>\n",
       "      <td>98.00</td>\n",
       "      <td>0.984333</td>\n",
       "      <td>98.99</td>\n",
       "      <td>97.02</td>\n",
       "      <td>0.000000</td>\n",
       "      <td>1.222970e+06</td>\n",
       "      <td>2025-03-07 20:52:42.269005</td>\n",
       "    </tr>\n",
       "    <tr>\n",
       "      <th>19</th>\n",
       "      <td>SVM_finance_baai</td>\n",
       "      <td>97.30</td>\n",
       "      <td>0.974857</td>\n",
       "      <td>98.38</td>\n",
       "      <td>96.24</td>\n",
       "      <td>0.000000</td>\n",
       "      <td>8.523189e+05</td>\n",
       "      <td>2025-03-07 20:59:57.429455</td>\n",
       "    </tr>\n",
       "    <tr>\n",
       "      <th>0</th>\n",
       "      <td>gpt4o-mini_law_ada-002</td>\n",
       "      <td>98.40</td>\n",
       "      <td>0.984000</td>\n",
       "      <td>99.19</td>\n",
       "      <td>95.25</td>\n",
       "      <td>0.041172</td>\n",
       "      <td>8.976080e+08</td>\n",
       "      <td>2025-03-07 17:36:43.924025</td>\n",
       "    </tr>\n",
       "    <tr>\n",
       "      <th>16</th>\n",
       "      <td>fastText_finance_fastText</td>\n",
       "      <td>92.74</td>\n",
       "      <td>0.930048</td>\n",
       "      <td>90.68</td>\n",
       "      <td>94.40</td>\n",
       "      <td>0.000000</td>\n",
       "      <td>8.886066e+03</td>\n",
       "      <td>2025-03-07 20:50:06.069900</td>\n",
       "    </tr>\n",
       "    <tr>\n",
       "      <th>1</th>\n",
       "      <td>modernbert_law_bert-base</td>\n",
       "      <td>93.66</td>\n",
       "      <td>0.936600</td>\n",
       "      <td>86.82</td>\n",
       "      <td>89.40</td>\n",
       "      <td>0.000000</td>\n",
       "      <td>2.170453e+07</td>\n",
       "      <td>2025-03-07 17:48:05.832619</td>\n",
       "    </tr>\n",
       "    <tr>\n",
       "      <th>3</th>\n",
       "      <td>modernbert_healthcare_bert-base</td>\n",
       "      <td>93.20</td>\n",
       "      <td>0.932033</td>\n",
       "      <td>82.16</td>\n",
       "      <td>88.80</td>\n",
       "      <td>0.000000</td>\n",
       "      <td>2.029725e+07</td>\n",
       "      <td>2025-03-07 19:06:38.762254</td>\n",
       "    </tr>\n",
       "    <tr>\n",
       "      <th>2</th>\n",
       "      <td>gpt4o-mini_healthcare_ada-002</td>\n",
       "      <td>96.67</td>\n",
       "      <td>0.966750</td>\n",
       "      <td>99.16</td>\n",
       "      <td>88.26</td>\n",
       "      <td>0.023088</td>\n",
       "      <td>7.504201e+08</td>\n",
       "      <td>2025-03-07 18:55:54.076138</td>\n",
       "    </tr>\n",
       "    <tr>\n",
       "      <th>5</th>\n",
       "      <td>modernbert_finance_bert-base</td>\n",
       "      <td>69.54</td>\n",
       "      <td>0.695400</td>\n",
       "      <td>39.41</td>\n",
       "      <td>85.72</td>\n",
       "      <td>0.000000</td>\n",
       "      <td>2.410335e+07</td>\n",
       "      <td>2025-03-07 20:24:56.220842</td>\n",
       "    </tr>\n",
       "    <tr>\n",
       "      <th>4</th>\n",
       "      <td>gpt4o-mini_finance_ada-002</td>\n",
       "      <td>77.35</td>\n",
       "      <td>0.773500</td>\n",
       "      <td>63.42</td>\n",
       "      <td>83.83</td>\n",
       "      <td>0.010701</td>\n",
       "      <td>7.162212e+08</td>\n",
       "      <td>2025-03-07 20:12:03.446976</td>\n",
       "    </tr>\n",
       "  </tbody>\n",
       "</table>\n",
       "</div>"
      ],
      "text/plain": [
       "                              model  accuracy  train_accuracy  recall  \\\n",
       "13          XGBoost_healthcare_mini     99.77        1.000000   99.62   \n",
       "14              SVM_healthcare_baai     99.64        0.996048   99.47   \n",
       "9                      SVM_law_baai     99.79        0.998429   99.76   \n",
       "12              SVM_healthcare_mini     99.70        0.997905   99.60   \n",
       "15          XGBoost_healthcare_baai     99.69        1.000000   99.58   \n",
       "8                  XGBoost_law_mini     99.80        1.000000   99.80   \n",
       "7                      SVM_law_mini     99.79        0.999000   99.80   \n",
       "10                 XGBoost_law_baai     99.67        1.000000   99.67   \n",
       "6             fastText_law_fastText     98.40        0.984952   97.77   \n",
       "18             XGBoost_finance_mini     99.08        0.999952   99.35   \n",
       "20             XGBoost_finance_baai     99.09        0.999857   99.39   \n",
       "11     fastText_healthcare_fastText     98.49        0.984333   98.34   \n",
       "17                 SVM_finance_mini     98.00        0.984333   98.99   \n",
       "19                 SVM_finance_baai     97.30        0.974857   98.38   \n",
       "0            gpt4o-mini_law_ada-002     98.40        0.984000   99.19   \n",
       "16        fastText_finance_fastText     92.74        0.930048   90.68   \n",
       "1          modernbert_law_bert-base     93.66        0.936600   86.82   \n",
       "3   modernbert_healthcare_bert-base     93.20        0.932033   82.16   \n",
       "2     gpt4o-mini_healthcare_ada-002     96.67        0.966750   99.16   \n",
       "5      modernbert_finance_bert-base     69.54        0.695400   39.41   \n",
       "4        gpt4o-mini_finance_ada-002     77.35        0.773500   63.42   \n",
       "\n",
       "    precision      cost       latency                        date  \n",
       "13      99.91  0.000000  1.302094e+06  2025-03-07 20:41:17.843117  \n",
       "14      99.82  0.000000  1.085497e+06  2025-03-07 20:49:56.313014  \n",
       "9       99.82  0.000000  1.811192e+06  2025-03-07 20:39:32.687603  \n",
       "12      99.80  0.000000  1.305810e+06  2025-03-07 20:41:11.274734  \n",
       "15      99.80  0.000000  1.147282e+06  2025-03-07 20:50:03.047010  \n",
       "8       99.80  0.000000  1.361259e+06  2025-03-07 20:26:45.103604  \n",
       "7       99.78  0.000000  1.416988e+06  2025-03-07 20:26:38.685264  \n",
       "10      99.67  0.000000  1.904261e+06  2025-03-07 20:39:41.691328  \n",
       "6       99.04  0.000000  1.714079e+04  2025-03-07 20:25:03.789099  \n",
       "18      98.79  0.000000  6.539482e+05  2025-03-07 20:52:52.268685  \n",
       "20      98.77  0.000000  5.637802e+05  2025-03-07 21:00:05.017368  \n",
       "11      98.65  0.000000  1.253661e+04  2025-03-07 20:39:46.425159  \n",
       "17      97.02  0.000000  1.222970e+06  2025-03-07 20:52:42.269005  \n",
       "19      96.24  0.000000  8.523189e+05  2025-03-07 20:59:57.429455  \n",
       "0       95.25  0.041172  8.976080e+08  2025-03-07 17:36:43.924025  \n",
       "16      94.40  0.000000  8.886066e+03  2025-03-07 20:50:06.069900  \n",
       "1       89.40  0.000000  2.170453e+07  2025-03-07 17:48:05.832619  \n",
       "3       88.80  0.000000  2.029725e+07  2025-03-07 19:06:38.762254  \n",
       "2       88.26  0.023088  7.504201e+08  2025-03-07 18:55:54.076138  \n",
       "5       85.72  0.000000  2.410335e+07  2025-03-07 20:24:56.220842  \n",
       "4       83.83  0.010701  7.162212e+08  2025-03-07 20:12:03.446976  "
      ]
     },
     "execution_count": 5,
     "metadata": {},
     "output_type": "execute_result"
    }
   ],
   "source": [
    "results_sorted = results.sort_values(by='precision', ascending=False)\n",
    "results_sorted"
   ]
  },
  {
   "cell_type": "code",
   "execution_count": 6,
   "metadata": {},
   "outputs": [
    {
     "data": {
      "text/html": [
       "<div>\n",
       "<style scoped>\n",
       "    .dataframe tbody tr th:only-of-type {\n",
       "        vertical-align: middle;\n",
       "    }\n",
       "\n",
       "    .dataframe tbody tr th {\n",
       "        vertical-align: top;\n",
       "    }\n",
       "\n",
       "    .dataframe thead th {\n",
       "        text-align: right;\n",
       "    }\n",
       "</style>\n",
       "<table border=\"1\" class=\"dataframe\">\n",
       "  <thead>\n",
       "    <tr style=\"text-align: right;\">\n",
       "      <th></th>\n",
       "      <th>model</th>\n",
       "      <th>accuracy</th>\n",
       "      <th>train_accuracy</th>\n",
       "      <th>recall</th>\n",
       "      <th>precision</th>\n",
       "      <th>cost</th>\n",
       "      <th>latency</th>\n",
       "      <th>date</th>\n",
       "    </tr>\n",
       "  </thead>\n",
       "  <tbody>\n",
       "    <tr>\n",
       "      <th>8</th>\n",
       "      <td>XGBoost_law_mini</td>\n",
       "      <td>99.80</td>\n",
       "      <td>1.000000</td>\n",
       "      <td>99.80</td>\n",
       "      <td>99.80</td>\n",
       "      <td>0.000000</td>\n",
       "      <td>1.361259e+06</td>\n",
       "      <td>2025-03-07 20:26:45.103604</td>\n",
       "    </tr>\n",
       "    <tr>\n",
       "      <th>9</th>\n",
       "      <td>SVM_law_baai</td>\n",
       "      <td>99.79</td>\n",
       "      <td>0.998429</td>\n",
       "      <td>99.76</td>\n",
       "      <td>99.82</td>\n",
       "      <td>0.000000</td>\n",
       "      <td>1.811192e+06</td>\n",
       "      <td>2025-03-07 20:39:32.687603</td>\n",
       "    </tr>\n",
       "    <tr>\n",
       "      <th>7</th>\n",
       "      <td>SVM_law_mini</td>\n",
       "      <td>99.79</td>\n",
       "      <td>0.999000</td>\n",
       "      <td>99.80</td>\n",
       "      <td>99.78</td>\n",
       "      <td>0.000000</td>\n",
       "      <td>1.416988e+06</td>\n",
       "      <td>2025-03-07 20:26:38.685264</td>\n",
       "    </tr>\n",
       "    <tr>\n",
       "      <th>13</th>\n",
       "      <td>XGBoost_healthcare_mini</td>\n",
       "      <td>99.77</td>\n",
       "      <td>1.000000</td>\n",
       "      <td>99.62</td>\n",
       "      <td>99.91</td>\n",
       "      <td>0.000000</td>\n",
       "      <td>1.302094e+06</td>\n",
       "      <td>2025-03-07 20:41:17.843117</td>\n",
       "    </tr>\n",
       "    <tr>\n",
       "      <th>12</th>\n",
       "      <td>SVM_healthcare_mini</td>\n",
       "      <td>99.70</td>\n",
       "      <td>0.997905</td>\n",
       "      <td>99.60</td>\n",
       "      <td>99.80</td>\n",
       "      <td>0.000000</td>\n",
       "      <td>1.305810e+06</td>\n",
       "      <td>2025-03-07 20:41:11.274734</td>\n",
       "    </tr>\n",
       "    <tr>\n",
       "      <th>15</th>\n",
       "      <td>XGBoost_healthcare_baai</td>\n",
       "      <td>99.69</td>\n",
       "      <td>1.000000</td>\n",
       "      <td>99.58</td>\n",
       "      <td>99.80</td>\n",
       "      <td>0.000000</td>\n",
       "      <td>1.147282e+06</td>\n",
       "      <td>2025-03-07 20:50:03.047010</td>\n",
       "    </tr>\n",
       "    <tr>\n",
       "      <th>10</th>\n",
       "      <td>XGBoost_law_baai</td>\n",
       "      <td>99.67</td>\n",
       "      <td>1.000000</td>\n",
       "      <td>99.67</td>\n",
       "      <td>99.67</td>\n",
       "      <td>0.000000</td>\n",
       "      <td>1.904261e+06</td>\n",
       "      <td>2025-03-07 20:39:41.691328</td>\n",
       "    </tr>\n",
       "    <tr>\n",
       "      <th>14</th>\n",
       "      <td>SVM_healthcare_baai</td>\n",
       "      <td>99.64</td>\n",
       "      <td>0.996048</td>\n",
       "      <td>99.47</td>\n",
       "      <td>99.82</td>\n",
       "      <td>0.000000</td>\n",
       "      <td>1.085497e+06</td>\n",
       "      <td>2025-03-07 20:49:56.313014</td>\n",
       "    </tr>\n",
       "    <tr>\n",
       "      <th>20</th>\n",
       "      <td>XGBoost_finance_baai</td>\n",
       "      <td>99.09</td>\n",
       "      <td>0.999857</td>\n",
       "      <td>99.39</td>\n",
       "      <td>98.77</td>\n",
       "      <td>0.000000</td>\n",
       "      <td>5.637802e+05</td>\n",
       "      <td>2025-03-07 21:00:05.017368</td>\n",
       "    </tr>\n",
       "    <tr>\n",
       "      <th>18</th>\n",
       "      <td>XGBoost_finance_mini</td>\n",
       "      <td>99.08</td>\n",
       "      <td>0.999952</td>\n",
       "      <td>99.35</td>\n",
       "      <td>98.79</td>\n",
       "      <td>0.000000</td>\n",
       "      <td>6.539482e+05</td>\n",
       "      <td>2025-03-07 20:52:52.268685</td>\n",
       "    </tr>\n",
       "    <tr>\n",
       "      <th>11</th>\n",
       "      <td>fastText_healthcare_fastText</td>\n",
       "      <td>98.49</td>\n",
       "      <td>0.984333</td>\n",
       "      <td>98.34</td>\n",
       "      <td>98.65</td>\n",
       "      <td>0.000000</td>\n",
       "      <td>1.253661e+04</td>\n",
       "      <td>2025-03-07 20:39:46.425159</td>\n",
       "    </tr>\n",
       "    <tr>\n",
       "      <th>6</th>\n",
       "      <td>fastText_law_fastText</td>\n",
       "      <td>98.40</td>\n",
       "      <td>0.984952</td>\n",
       "      <td>97.77</td>\n",
       "      <td>99.04</td>\n",
       "      <td>0.000000</td>\n",
       "      <td>1.714079e+04</td>\n",
       "      <td>2025-03-07 20:25:03.789099</td>\n",
       "    </tr>\n",
       "    <tr>\n",
       "      <th>0</th>\n",
       "      <td>gpt4o-mini_law_ada-002</td>\n",
       "      <td>98.40</td>\n",
       "      <td>0.984000</td>\n",
       "      <td>99.19</td>\n",
       "      <td>95.25</td>\n",
       "      <td>0.041172</td>\n",
       "      <td>8.976080e+08</td>\n",
       "      <td>2025-03-07 17:36:43.924025</td>\n",
       "    </tr>\n",
       "    <tr>\n",
       "      <th>17</th>\n",
       "      <td>SVM_finance_mini</td>\n",
       "      <td>98.00</td>\n",
       "      <td>0.984333</td>\n",
       "      <td>98.99</td>\n",
       "      <td>97.02</td>\n",
       "      <td>0.000000</td>\n",
       "      <td>1.222970e+06</td>\n",
       "      <td>2025-03-07 20:52:42.269005</td>\n",
       "    </tr>\n",
       "    <tr>\n",
       "      <th>19</th>\n",
       "      <td>SVM_finance_baai</td>\n",
       "      <td>97.30</td>\n",
       "      <td>0.974857</td>\n",
       "      <td>98.38</td>\n",
       "      <td>96.24</td>\n",
       "      <td>0.000000</td>\n",
       "      <td>8.523189e+05</td>\n",
       "      <td>2025-03-07 20:59:57.429455</td>\n",
       "    </tr>\n",
       "    <tr>\n",
       "      <th>2</th>\n",
       "      <td>gpt4o-mini_healthcare_ada-002</td>\n",
       "      <td>96.67</td>\n",
       "      <td>0.966750</td>\n",
       "      <td>99.16</td>\n",
       "      <td>88.26</td>\n",
       "      <td>0.023088</td>\n",
       "      <td>7.504201e+08</td>\n",
       "      <td>2025-03-07 18:55:54.076138</td>\n",
       "    </tr>\n",
       "    <tr>\n",
       "      <th>1</th>\n",
       "      <td>modernbert_law_bert-base</td>\n",
       "      <td>93.66</td>\n",
       "      <td>0.936600</td>\n",
       "      <td>86.82</td>\n",
       "      <td>89.40</td>\n",
       "      <td>0.000000</td>\n",
       "      <td>2.170453e+07</td>\n",
       "      <td>2025-03-07 17:48:05.832619</td>\n",
       "    </tr>\n",
       "    <tr>\n",
       "      <th>3</th>\n",
       "      <td>modernbert_healthcare_bert-base</td>\n",
       "      <td>93.20</td>\n",
       "      <td>0.932033</td>\n",
       "      <td>82.16</td>\n",
       "      <td>88.80</td>\n",
       "      <td>0.000000</td>\n",
       "      <td>2.029725e+07</td>\n",
       "      <td>2025-03-07 19:06:38.762254</td>\n",
       "    </tr>\n",
       "    <tr>\n",
       "      <th>16</th>\n",
       "      <td>fastText_finance_fastText</td>\n",
       "      <td>92.74</td>\n",
       "      <td>0.930048</td>\n",
       "      <td>90.68</td>\n",
       "      <td>94.40</td>\n",
       "      <td>0.000000</td>\n",
       "      <td>8.886066e+03</td>\n",
       "      <td>2025-03-07 20:50:06.069900</td>\n",
       "    </tr>\n",
       "    <tr>\n",
       "      <th>4</th>\n",
       "      <td>gpt4o-mini_finance_ada-002</td>\n",
       "      <td>77.35</td>\n",
       "      <td>0.773500</td>\n",
       "      <td>63.42</td>\n",
       "      <td>83.83</td>\n",
       "      <td>0.010701</td>\n",
       "      <td>7.162212e+08</td>\n",
       "      <td>2025-03-07 20:12:03.446976</td>\n",
       "    </tr>\n",
       "    <tr>\n",
       "      <th>5</th>\n",
       "      <td>modernbert_finance_bert-base</td>\n",
       "      <td>69.54</td>\n",
       "      <td>0.695400</td>\n",
       "      <td>39.41</td>\n",
       "      <td>85.72</td>\n",
       "      <td>0.000000</td>\n",
       "      <td>2.410335e+07</td>\n",
       "      <td>2025-03-07 20:24:56.220842</td>\n",
       "    </tr>\n",
       "  </tbody>\n",
       "</table>\n",
       "</div>"
      ],
      "text/plain": [
       "                              model  accuracy  train_accuracy  recall  \\\n",
       "8                  XGBoost_law_mini     99.80        1.000000   99.80   \n",
       "9                      SVM_law_baai     99.79        0.998429   99.76   \n",
       "7                      SVM_law_mini     99.79        0.999000   99.80   \n",
       "13          XGBoost_healthcare_mini     99.77        1.000000   99.62   \n",
       "12              SVM_healthcare_mini     99.70        0.997905   99.60   \n",
       "15          XGBoost_healthcare_baai     99.69        1.000000   99.58   \n",
       "10                 XGBoost_law_baai     99.67        1.000000   99.67   \n",
       "14              SVM_healthcare_baai     99.64        0.996048   99.47   \n",
       "20             XGBoost_finance_baai     99.09        0.999857   99.39   \n",
       "18             XGBoost_finance_mini     99.08        0.999952   99.35   \n",
       "11     fastText_healthcare_fastText     98.49        0.984333   98.34   \n",
       "6             fastText_law_fastText     98.40        0.984952   97.77   \n",
       "0            gpt4o-mini_law_ada-002     98.40        0.984000   99.19   \n",
       "17                 SVM_finance_mini     98.00        0.984333   98.99   \n",
       "19                 SVM_finance_baai     97.30        0.974857   98.38   \n",
       "2     gpt4o-mini_healthcare_ada-002     96.67        0.966750   99.16   \n",
       "1          modernbert_law_bert-base     93.66        0.936600   86.82   \n",
       "3   modernbert_healthcare_bert-base     93.20        0.932033   82.16   \n",
       "16        fastText_finance_fastText     92.74        0.930048   90.68   \n",
       "4        gpt4o-mini_finance_ada-002     77.35        0.773500   63.42   \n",
       "5      modernbert_finance_bert-base     69.54        0.695400   39.41   \n",
       "\n",
       "    precision      cost       latency                        date  \n",
       "8       99.80  0.000000  1.361259e+06  2025-03-07 20:26:45.103604  \n",
       "9       99.82  0.000000  1.811192e+06  2025-03-07 20:39:32.687603  \n",
       "7       99.78  0.000000  1.416988e+06  2025-03-07 20:26:38.685264  \n",
       "13      99.91  0.000000  1.302094e+06  2025-03-07 20:41:17.843117  \n",
       "12      99.80  0.000000  1.305810e+06  2025-03-07 20:41:11.274734  \n",
       "15      99.80  0.000000  1.147282e+06  2025-03-07 20:50:03.047010  \n",
       "10      99.67  0.000000  1.904261e+06  2025-03-07 20:39:41.691328  \n",
       "14      99.82  0.000000  1.085497e+06  2025-03-07 20:49:56.313014  \n",
       "20      98.77  0.000000  5.637802e+05  2025-03-07 21:00:05.017368  \n",
       "18      98.79  0.000000  6.539482e+05  2025-03-07 20:52:52.268685  \n",
       "11      98.65  0.000000  1.253661e+04  2025-03-07 20:39:46.425159  \n",
       "6       99.04  0.000000  1.714079e+04  2025-03-07 20:25:03.789099  \n",
       "0       95.25  0.041172  8.976080e+08  2025-03-07 17:36:43.924025  \n",
       "17      97.02  0.000000  1.222970e+06  2025-03-07 20:52:42.269005  \n",
       "19      96.24  0.000000  8.523189e+05  2025-03-07 20:59:57.429455  \n",
       "2       88.26  0.023088  7.504201e+08  2025-03-07 18:55:54.076138  \n",
       "1       89.40  0.000000  2.170453e+07  2025-03-07 17:48:05.832619  \n",
       "3       88.80  0.000000  2.029725e+07  2025-03-07 19:06:38.762254  \n",
       "16      94.40  0.000000  8.886066e+03  2025-03-07 20:50:06.069900  \n",
       "4       83.83  0.010701  7.162212e+08  2025-03-07 20:12:03.446976  \n",
       "5       85.72  0.000000  2.410335e+07  2025-03-07 20:24:56.220842  "
      ]
     },
     "execution_count": 6,
     "metadata": {},
     "output_type": "execute_result"
    }
   ],
   "source": [
    "results_sorted = results.sort_values(by='accuracy', ascending=False)\n",
    "results_sorted"
   ]
  },
  {
   "cell_type": "code",
   "execution_count": null,
   "metadata": {},
   "outputs": [],
   "source": []
  }
 ],
 "metadata": {
  "kernelspec": {
   "display_name": "prompt-classification",
   "language": "python",
   "name": "python3"
