{
 "cells": [
  {
   "cell_type": "code",
   "execution_count": 1,
   "metadata": {},
   "outputs": [
    {
     "name": "stdout",
     "output_type": "stream",
     "text": [
      "c:\\Users\\risko\\Desktop\\Prompt-Classification\n"
     ]
    }
   ],
   "source": [
    "import os\n",
    "\n",
    "os.chdir(\"../\")\n",
    "print(os.getcwd())"
   ]
  },
  {
   "cell_type": "code",
   "execution_count": null,
   "metadata": {},
   "outputs": [],
   "source": [
    "import random\n",
    "\n",
    "import pandas as pd\n",
    "\n",
    "random.seed(42)"
   ]
  },
  {
   "cell_type": "code",
   "execution_count": 3,
   "metadata": {},
   "outputs": [],
   "source": [
    "results = pd.read_csv(\"reports/model_metrics.csv\")"
   ]
  },
  {
   "cell_type": "code",
   "execution_count": 5,
   "metadata": {},
   "outputs": [
    {
     "data": {
      "text/html": [
       "<div>\n",
       "<style scoped>\n",
       "    .dataframe tbody tr th:only-of-type {\n",
       "        vertical-align: middle;\n",
       "    }\n",
       "\n",
       "    .dataframe tbody tr th {\n",
       "        vertical-align: top;\n",
       "    }\n",
       "\n",
       "    .dataframe thead th {\n",
       "        text-align: right;\n",
       "    }\n",
       "</style>\n",
       "<table border=\"1\" class=\"dataframe\">\n",
       "  <thead>\n",
       "    <tr style=\"text-align: right;\">\n",
       "      <th></th>\n",
       "      <th>model</th>\n",
       "      <th>f1</th>\n",
       "      <th>accuracy</th>\n",
       "      <th>train_accuracy</th>\n",
       "      <th>recall</th>\n",
       "      <th>precision</th>\n",
       "      <th>cost</th>\n",
       "      <th>latency</th>\n",
       "      <th>date</th>\n",
       "    </tr>\n",
       "  </thead>\n",
       "  <tbody>\n",
       "    <tr>\n",
       "      <th>19</th>\n",
       "      <td>fastText_finance_fasttext</td>\n",
       "      <td>94.34</td>\n",
       "      <td>94.30</td>\n",
       "      <td>94.49</td>\n",
       "      <td>93.57</td>\n",
       "      <td>95.12</td>\n",
       "      <td>0.0</td>\n",
       "      <td>1.169094e+04</td>\n",
       "      <td>2025-01-04 19:39:17.946764</td>\n",
       "    </tr>\n",
       "    <tr>\n",
       "      <th>12</th>\n",
       "      <td>fastText_healthcare_fasttext</td>\n",
       "      <td>98.61</td>\n",
       "      <td>98.60</td>\n",
       "      <td>98.67</td>\n",
       "      <td>98.66</td>\n",
       "      <td>98.56</td>\n",
       "      <td>0.0</td>\n",
       "      <td>1.545161e+04</td>\n",
       "      <td>2025-01-04 19:33:07.711438</td>\n",
       "    </tr>\n",
       "    <tr>\n",
       "      <th>4</th>\n",
       "      <td>fastText_law_fasttext</td>\n",
       "      <td>98.81</td>\n",
       "      <td>98.81</td>\n",
       "      <td>98.78</td>\n",
       "      <td>98.57</td>\n",
       "      <td>99.04</td>\n",
       "      <td>0.0</td>\n",
       "      <td>2.149092e+04</td>\n",
       "      <td>2025-01-04 19:22:40.063981</td>\n",
       "    </tr>\n",
       "    <tr>\n",
       "      <th>3</th>\n",
       "      <td>fastText_law_fasttext</td>\n",
       "      <td>98.79</td>\n",
       "      <td>98.80</td>\n",
       "      <td>98.77</td>\n",
       "      <td>98.59</td>\n",
       "      <td>98.99</td>\n",
       "      <td>0.0</td>\n",
       "      <td>2.187053e+04</td>\n",
       "      <td>2025-01-04 19:18:42.687004</td>\n",
       "    </tr>\n",
       "    <tr>\n",
       "      <th>0</th>\n",
       "      <td>fastText_law_fasttext</td>\n",
       "      <td>98.77</td>\n",
       "      <td>98.78</td>\n",
       "      <td>98.74</td>\n",
       "      <td>98.54</td>\n",
       "      <td>98.99</td>\n",
       "      <td>0.0</td>\n",
       "      <td>2.288228e+04</td>\n",
       "      <td>2025-01-04 19:09:35.416522</td>\n",
       "    </tr>\n",
       "    <tr>\n",
       "      <th>5</th>\n",
       "      <td>fastText_law_fasttext</td>\n",
       "      <td>98.77</td>\n",
       "      <td>98.79</td>\n",
       "      <td>98.75</td>\n",
       "      <td>98.56</td>\n",
       "      <td>98.99</td>\n",
       "      <td>0.0</td>\n",
       "      <td>2.294374e+04</td>\n",
       "      <td>2025-01-04 19:23:45.728613</td>\n",
       "    </tr>\n",
       "    <tr>\n",
       "      <th>14</th>\n",
       "      <td>XGBoost_healthcare_mini</td>\n",
       "      <td>99.90</td>\n",
       "      <td>99.90</td>\n",
       "      <td>99.99</td>\n",
       "      <td>99.88</td>\n",
       "      <td>99.93</td>\n",
       "      <td>0.0</td>\n",
       "      <td>3.172549e+05</td>\n",
       "      <td>2025-01-04 19:34:24.172344</td>\n",
       "    </tr>\n",
       "    <tr>\n",
       "      <th>7</th>\n",
       "      <td>XGBoost_law_mini</td>\n",
       "      <td>99.86</td>\n",
       "      <td>99.86</td>\n",
       "      <td>100.00</td>\n",
       "      <td>99.87</td>\n",
       "      <td>99.85</td>\n",
       "      <td>0.0</td>\n",
       "      <td>3.177272e+05</td>\n",
       "      <td>2025-01-04 19:25:12.213906</td>\n",
       "    </tr>\n",
       "    <tr>\n",
       "      <th>18</th>\n",
       "      <td>XGBoost_healthcare_baai</td>\n",
       "      <td>99.89</td>\n",
       "      <td>99.89</td>\n",
       "      <td>99.99</td>\n",
       "      <td>99.90</td>\n",
       "      <td>99.88</td>\n",
       "      <td>0.0</td>\n",
       "      <td>3.203994e+05</td>\n",
       "      <td>2025-01-04 19:39:12.884218</td>\n",
       "    </tr>\n",
       "    <tr>\n",
       "      <th>11</th>\n",
       "      <td>XGBoost_law_baai</td>\n",
       "      <td>99.73</td>\n",
       "      <td>99.74</td>\n",
       "      <td>100.00</td>\n",
       "      <td>99.67</td>\n",
       "      <td>99.80</td>\n",
       "      <td>0.0</td>\n",
       "      <td>3.210361e+05</td>\n",
       "      <td>2025-01-04 19:33:00.493060</td>\n",
       "    </tr>\n",
       "    <tr>\n",
       "      <th>21</th>\n",
       "      <td>XGBoost_finance_mini</td>\n",
       "      <td>99.32</td>\n",
       "      <td>99.31</td>\n",
       "      <td>99.99</td>\n",
       "      <td>99.61</td>\n",
       "      <td>99.04</td>\n",
       "      <td>0.0</td>\n",
       "      <td>3.225902e+05</td>\n",
       "      <td>2025-01-04 19:42:02.735302</td>\n",
       "    </tr>\n",
       "    <tr>\n",
       "      <th>25</th>\n",
       "      <td>XGBoost_finance_baai</td>\n",
       "      <td>99.32</td>\n",
       "      <td>99.31</td>\n",
       "      <td>99.98</td>\n",
       "      <td>99.63</td>\n",
       "      <td>99.02</td>\n",
       "      <td>0.0</td>\n",
       "      <td>3.227925e+05</td>\n",
       "      <td>2025-01-04 19:45:55.374688</td>\n",
       "    </tr>\n",
       "    <tr>\n",
       "      <th>17</th>\n",
       "      <td>SVM_healthcare_baai</td>\n",
       "      <td>99.51</td>\n",
       "      <td>99.51</td>\n",
       "      <td>99.59</td>\n",
       "      <td>99.30</td>\n",
       "      <td>99.73</td>\n",
       "      <td>0.0</td>\n",
       "      <td>4.535523e+05</td>\n",
       "      <td>2025-01-04 19:39:06.391567</td>\n",
       "    </tr>\n",
       "    <tr>\n",
       "      <th>10</th>\n",
       "      <td>SVM_law_baai</td>\n",
       "      <td>99.71</td>\n",
       "      <td>99.71</td>\n",
       "      <td>99.81</td>\n",
       "      <td>99.75</td>\n",
       "      <td>99.67</td>\n",
       "      <td>0.0</td>\n",
       "      <td>4.640635e+05</td>\n",
       "      <td>2025-01-04 19:32:53.928585</td>\n",
       "    </tr>\n",
       "    <tr>\n",
       "      <th>13</th>\n",
       "      <td>SVM_healthcare_mini</td>\n",
       "      <td>99.78</td>\n",
       "      <td>99.77</td>\n",
       "      <td>99.78</td>\n",
       "      <td>99.68</td>\n",
       "      <td>99.88</td>\n",
       "      <td>0.0</td>\n",
       "      <td>5.829084e+05</td>\n",
       "      <td>2025-01-04 19:34:18.048519</td>\n",
       "    </tr>\n",
       "    <tr>\n",
       "      <th>6</th>\n",
       "      <td>SVM_law_mini</td>\n",
       "      <td>99.84</td>\n",
       "      <td>99.84</td>\n",
       "      <td>99.93</td>\n",
       "      <td>99.80</td>\n",
       "      <td>99.87</td>\n",
       "      <td>0.0</td>\n",
       "      <td>5.956841e+05</td>\n",
       "      <td>2025-01-04 19:25:06.609748</td>\n",
       "    </tr>\n",
       "    <tr>\n",
       "      <th>24</th>\n",
       "      <td>SVM_finance_baai</td>\n",
       "      <td>97.54</td>\n",
       "      <td>97.47</td>\n",
       "      <td>97.70</td>\n",
       "      <td>98.77</td>\n",
       "      <td>96.35</td>\n",
       "      <td>0.0</td>\n",
       "      <td>1.405068e+06</td>\n",
       "      <td>2025-01-04 19:45:48.365622</td>\n",
       "    </tr>\n",
       "    <tr>\n",
       "      <th>23</th>\n",
       "      <td>XGBoost_finance_tfidf</td>\n",
       "      <td>92.45</td>\n",
       "      <td>92.62</td>\n",
       "      <td>92.70</td>\n",
       "      <td>88.92</td>\n",
       "      <td>96.27</td>\n",
       "      <td>0.0</td>\n",
       "      <td>1.625929e+06</td>\n",
       "      <td>2025-01-04 19:44:17.185024</td>\n",
       "    </tr>\n",
       "    <tr>\n",
       "      <th>20</th>\n",
       "      <td>SVM_finance_mini</td>\n",
       "      <td>98.23</td>\n",
       "      <td>98.19</td>\n",
       "      <td>98.54</td>\n",
       "      <td>99.29</td>\n",
       "      <td>97.20</td>\n",
       "      <td>0.0</td>\n",
       "      <td>1.670859e+06</td>\n",
       "      <td>2025-01-04 19:41:54.239970</td>\n",
       "    </tr>\n",
       "    <tr>\n",
       "      <th>22</th>\n",
       "      <td>SVM_finance_tfidf</td>\n",
       "      <td>99.06</td>\n",
       "      <td>99.04</td>\n",
       "      <td>99.40</td>\n",
       "      <td>99.41</td>\n",
       "      <td>98.70</td>\n",
       "      <td>0.0</td>\n",
       "      <td>1.703160e+06</td>\n",
       "      <td>2025-01-04 19:44:00.797597</td>\n",
       "    </tr>\n",
       "    <tr>\n",
       "      <th>15</th>\n",
       "      <td>SVM_healthcare_tfidf</td>\n",
       "      <td>99.65</td>\n",
       "      <td>99.65</td>\n",
       "      <td>99.90</td>\n",
       "      <td>99.58</td>\n",
       "      <td>99.73</td>\n",
       "      <td>0.0</td>\n",
       "      <td>2.274634e+06</td>\n",
       "      <td>2025-01-04 19:37:32.629691</td>\n",
       "    </tr>\n",
       "    <tr>\n",
       "      <th>1</th>\n",
       "      <td>SVM_law_tfidf</td>\n",
       "      <td>99.62</td>\n",
       "      <td>99.62</td>\n",
       "      <td>99.92</td>\n",
       "      <td>99.57</td>\n",
       "      <td>99.67</td>\n",
       "      <td>0.0</td>\n",
       "      <td>3.163521e+06</td>\n",
       "      <td>2025-01-04 19:14:42.471176</td>\n",
       "    </tr>\n",
       "    <tr>\n",
       "      <th>8</th>\n",
       "      <td>SVM_law_tfidf</td>\n",
       "      <td>99.56</td>\n",
       "      <td>99.56</td>\n",
       "      <td>99.92</td>\n",
       "      <td>99.52</td>\n",
       "      <td>99.60</td>\n",
       "      <td>0.0</td>\n",
       "      <td>3.335976e+06</td>\n",
       "      <td>2025-01-04 19:30:22.999070</td>\n",
       "    </tr>\n",
       "    <tr>\n",
       "      <th>16</th>\n",
       "      <td>XGBoost_healthcare_tfidf</td>\n",
       "      <td>99.06</td>\n",
       "      <td>99.06</td>\n",
       "      <td>99.17</td>\n",
       "      <td>98.26</td>\n",
       "      <td>99.87</td>\n",
       "      <td>0.0</td>\n",
       "      <td>4.751795e+06</td>\n",
       "      <td>2025-01-04 19:38:18.472055</td>\n",
       "    </tr>\n",
       "    <tr>\n",
       "      <th>2</th>\n",
       "      <td>XGBoost_law_tfidf</td>\n",
       "      <td>98.64</td>\n",
       "      <td>98.66</td>\n",
       "      <td>99.05</td>\n",
       "      <td>97.59</td>\n",
       "      <td>99.72</td>\n",
       "      <td>0.0</td>\n",
       "      <td>6.410918e+06</td>\n",
       "      <td>2025-01-04 19:15:46.066151</td>\n",
       "    </tr>\n",
       "    <tr>\n",
       "      <th>9</th>\n",
       "      <td>XGBoost_law_tfidf</td>\n",
       "      <td>98.72</td>\n",
       "      <td>98.75</td>\n",
       "      <td>99.03</td>\n",
       "      <td>97.73</td>\n",
       "      <td>99.74</td>\n",
       "      <td>0.0</td>\n",
       "      <td>6.985026e+06</td>\n",
       "      <td>2025-01-04 19:31:31.535912</td>\n",
       "    </tr>\n",
       "  </tbody>\n",
       "</table>\n",
       "</div>"
      ],
      "text/plain": [
       "                           model     f1  accuracy  train_accuracy  recall  \\\n",
       "19     fastText_finance_fasttext  94.34     94.30           94.49   93.57   \n",
       "12  fastText_healthcare_fasttext  98.61     98.60           98.67   98.66   \n",
       "4          fastText_law_fasttext  98.81     98.81           98.78   98.57   \n",
       "3          fastText_law_fasttext  98.79     98.80           98.77   98.59   \n",
       "0          fastText_law_fasttext  98.77     98.78           98.74   98.54   \n",
       "5          fastText_law_fasttext  98.77     98.79           98.75   98.56   \n",
       "14       XGBoost_healthcare_mini  99.90     99.90           99.99   99.88   \n",
       "7               XGBoost_law_mini  99.86     99.86          100.00   99.87   \n",
       "18       XGBoost_healthcare_baai  99.89     99.89           99.99   99.90   \n",
       "11              XGBoost_law_baai  99.73     99.74          100.00   99.67   \n",
       "21          XGBoost_finance_mini  99.32     99.31           99.99   99.61   \n",
       "25          XGBoost_finance_baai  99.32     99.31           99.98   99.63   \n",
       "17           SVM_healthcare_baai  99.51     99.51           99.59   99.30   \n",
       "10                  SVM_law_baai  99.71     99.71           99.81   99.75   \n",
       "13           SVM_healthcare_mini  99.78     99.77           99.78   99.68   \n",
       "6                   SVM_law_mini  99.84     99.84           99.93   99.80   \n",
       "24              SVM_finance_baai  97.54     97.47           97.70   98.77   \n",
       "23         XGBoost_finance_tfidf  92.45     92.62           92.70   88.92   \n",
       "20              SVM_finance_mini  98.23     98.19           98.54   99.29   \n",
       "22             SVM_finance_tfidf  99.06     99.04           99.40   99.41   \n",
       "15          SVM_healthcare_tfidf  99.65     99.65           99.90   99.58   \n",
       "1                  SVM_law_tfidf  99.62     99.62           99.92   99.57   \n",
       "8                  SVM_law_tfidf  99.56     99.56           99.92   99.52   \n",
       "16      XGBoost_healthcare_tfidf  99.06     99.06           99.17   98.26   \n",
       "2              XGBoost_law_tfidf  98.64     98.66           99.05   97.59   \n",
       "9              XGBoost_law_tfidf  98.72     98.75           99.03   97.73   \n",
       "\n",
       "    precision  cost       latency                        date  \n",
       "19      95.12   0.0  1.169094e+04  2025-01-04 19:39:17.946764  \n",
       "12      98.56   0.0  1.545161e+04  2025-01-04 19:33:07.711438  \n",
       "4       99.04   0.0  2.149092e+04  2025-01-04 19:22:40.063981  \n",
       "3       98.99   0.0  2.187053e+04  2025-01-04 19:18:42.687004  \n",
       "0       98.99   0.0  2.288228e+04  2025-01-04 19:09:35.416522  \n",
       "5       98.99   0.0  2.294374e+04  2025-01-04 19:23:45.728613  \n",
       "14      99.93   0.0  3.172549e+05  2025-01-04 19:34:24.172344  \n",
       "7       99.85   0.0  3.177272e+05  2025-01-04 19:25:12.213906  \n",
       "18      99.88   0.0  3.203994e+05  2025-01-04 19:39:12.884218  \n",
       "11      99.80   0.0  3.210361e+05  2025-01-04 19:33:00.493060  \n",
       "21      99.04   0.0  3.225902e+05  2025-01-04 19:42:02.735302  \n",
       "25      99.02   0.0  3.227925e+05  2025-01-04 19:45:55.374688  \n",
       "17      99.73   0.0  4.535523e+05  2025-01-04 19:39:06.391567  \n",
       "10      99.67   0.0  4.640635e+05  2025-01-04 19:32:53.928585  \n",
       "13      99.88   0.0  5.829084e+05  2025-01-04 19:34:18.048519  \n",
       "6       99.87   0.0  5.956841e+05  2025-01-04 19:25:06.609748  \n",
       "24      96.35   0.0  1.405068e+06  2025-01-04 19:45:48.365622  \n",
       "23      96.27   0.0  1.625929e+06  2025-01-04 19:44:17.185024  \n",
       "20      97.20   0.0  1.670859e+06  2025-01-04 19:41:54.239970  \n",
       "22      98.70   0.0  1.703160e+06  2025-01-04 19:44:00.797597  \n",
       "15      99.73   0.0  2.274634e+06  2025-01-04 19:37:32.629691  \n",
       "1       99.67   0.0  3.163521e+06  2025-01-04 19:14:42.471176  \n",
       "8       99.60   0.0  3.335976e+06  2025-01-04 19:30:22.999070  \n",
       "16      99.87   0.0  4.751795e+06  2025-01-04 19:38:18.472055  \n",
       "2       99.72   0.0  6.410918e+06  2025-01-04 19:15:46.066151  \n",
       "9       99.74   0.0  6.985026e+06  2025-01-04 19:31:31.535912  "
      ]
     },
     "execution_count": 5,
     "metadata": {},
     "output_type": "execute_result"
    }
   ],
   "source": [
    "results_sorted = results.sort_values(by='latency')\n",
    "results_sorted"
   ]
  },
  {
   "cell_type": "code",
   "execution_count": 8,
   "metadata": {},
   "outputs": [
    {
     "data": {
      "text/html": [
       "<div>\n",
       "<style scoped>\n",
       "    .dataframe tbody tr th:only-of-type {\n",
       "        vertical-align: middle;\n",
       "    }\n",
       "\n",
       "    .dataframe tbody tr th {\n",
       "        vertical-align: top;\n",
       "    }\n",
       "\n",
       "    .dataframe thead th {\n",
       "        text-align: right;\n",
       "    }\n",
       "</style>\n",
       "<table border=\"1\" class=\"dataframe\">\n",
       "  <thead>\n",
       "    <tr style=\"text-align: right;\">\n",
       "      <th></th>\n",
       "      <th>model</th>\n",
       "      <th>f1</th>\n",
       "      <th>accuracy</th>\n",
       "      <th>train_accuracy</th>\n",
       "      <th>recall</th>\n",
       "      <th>precision</th>\n",
       "      <th>cost</th>\n",
       "      <th>latency</th>\n",
       "      <th>date</th>\n",
       "    </tr>\n",
       "  </thead>\n",
       "  <tbody>\n",
       "    <tr>\n",
       "      <th>14</th>\n",
       "      <td>XGBoost_healthcare_mini</td>\n",
       "      <td>99.90</td>\n",
       "      <td>99.90</td>\n",
       "      <td>99.99</td>\n",
       "      <td>99.88</td>\n",
       "      <td>99.93</td>\n",
       "      <td>0.0</td>\n",
       "      <td>3.172549e+05</td>\n",
       "      <td>2025-01-04 19:34:24.172344</td>\n",
       "    </tr>\n",
       "    <tr>\n",
       "      <th>13</th>\n",
       "      <td>SVM_healthcare_mini</td>\n",
       "      <td>99.78</td>\n",
       "      <td>99.77</td>\n",
       "      <td>99.78</td>\n",
       "      <td>99.68</td>\n",
       "      <td>99.88</td>\n",
       "      <td>0.0</td>\n",
       "      <td>5.829084e+05</td>\n",
       "      <td>2025-01-04 19:34:18.048519</td>\n",
       "    </tr>\n",
       "    <tr>\n",
       "      <th>18</th>\n",
       "      <td>XGBoost_healthcare_baai</td>\n",
       "      <td>99.89</td>\n",
       "      <td>99.89</td>\n",
       "      <td>99.99</td>\n",
       "      <td>99.90</td>\n",
       "      <td>99.88</td>\n",
       "      <td>0.0</td>\n",
       "      <td>3.203994e+05</td>\n",
       "      <td>2025-01-04 19:39:12.884218</td>\n",
       "    </tr>\n",
       "    <tr>\n",
       "      <th>16</th>\n",
       "      <td>XGBoost_healthcare_tfidf</td>\n",
       "      <td>99.06</td>\n",
       "      <td>99.06</td>\n",
       "      <td>99.17</td>\n",
       "      <td>98.26</td>\n",
       "      <td>99.87</td>\n",
       "      <td>0.0</td>\n",
       "      <td>4.751795e+06</td>\n",
       "      <td>2025-01-04 19:38:18.472055</td>\n",
       "    </tr>\n",
       "    <tr>\n",
       "      <th>6</th>\n",
       "      <td>SVM_law_mini</td>\n",
       "      <td>99.84</td>\n",
       "      <td>99.84</td>\n",
       "      <td>99.93</td>\n",
       "      <td>99.80</td>\n",
       "      <td>99.87</td>\n",
       "      <td>0.0</td>\n",
       "      <td>5.956841e+05</td>\n",
       "      <td>2025-01-04 19:25:06.609748</td>\n",
       "    </tr>\n",
       "    <tr>\n",
       "      <th>7</th>\n",
       "      <td>XGBoost_law_mini</td>\n",
       "      <td>99.86</td>\n",
       "      <td>99.86</td>\n",
       "      <td>100.00</td>\n",
       "      <td>99.87</td>\n",
       "      <td>99.85</td>\n",
       "      <td>0.0</td>\n",
       "      <td>3.177272e+05</td>\n",
       "      <td>2025-01-04 19:25:12.213906</td>\n",
       "    </tr>\n",
       "    <tr>\n",
       "      <th>11</th>\n",
       "      <td>XGBoost_law_baai</td>\n",
       "      <td>99.73</td>\n",
       "      <td>99.74</td>\n",
       "      <td>100.00</td>\n",
       "      <td>99.67</td>\n",
       "      <td>99.80</td>\n",
       "      <td>0.0</td>\n",
       "      <td>3.210361e+05</td>\n",
       "      <td>2025-01-04 19:33:00.493060</td>\n",
       "    </tr>\n",
       "    <tr>\n",
       "      <th>9</th>\n",
       "      <td>XGBoost_law_tfidf</td>\n",
       "      <td>98.72</td>\n",
       "      <td>98.75</td>\n",
       "      <td>99.03</td>\n",
       "      <td>97.73</td>\n",
       "      <td>99.74</td>\n",
       "      <td>0.0</td>\n",
       "      <td>6.985026e+06</td>\n",
       "      <td>2025-01-04 19:31:31.535912</td>\n",
       "    </tr>\n",
       "    <tr>\n",
       "      <th>17</th>\n",
       "      <td>SVM_healthcare_baai</td>\n",
       "      <td>99.51</td>\n",
       "      <td>99.51</td>\n",
       "      <td>99.59</td>\n",
       "      <td>99.30</td>\n",
       "      <td>99.73</td>\n",
       "      <td>0.0</td>\n",
       "      <td>4.535523e+05</td>\n",
       "      <td>2025-01-04 19:39:06.391567</td>\n",
       "    </tr>\n",
       "    <tr>\n",
       "      <th>15</th>\n",
       "      <td>SVM_healthcare_tfidf</td>\n",
       "      <td>99.65</td>\n",
       "      <td>99.65</td>\n",
       "      <td>99.90</td>\n",
       "      <td>99.58</td>\n",
       "      <td>99.73</td>\n",
       "      <td>0.0</td>\n",
       "      <td>2.274634e+06</td>\n",
       "      <td>2025-01-04 19:37:32.629691</td>\n",
       "    </tr>\n",
       "    <tr>\n",
       "      <th>2</th>\n",
       "      <td>XGBoost_law_tfidf</td>\n",
       "      <td>98.64</td>\n",
       "      <td>98.66</td>\n",
       "      <td>99.05</td>\n",
       "      <td>97.59</td>\n",
       "      <td>99.72</td>\n",
       "      <td>0.0</td>\n",
       "      <td>6.410918e+06</td>\n",
       "      <td>2025-01-04 19:15:46.066151</td>\n",
       "    </tr>\n",
       "    <tr>\n",
       "      <th>10</th>\n",
       "      <td>SVM_law_baai</td>\n",
       "      <td>99.71</td>\n",
       "      <td>99.71</td>\n",
       "      <td>99.81</td>\n",
       "      <td>99.75</td>\n",
       "      <td>99.67</td>\n",
       "      <td>0.0</td>\n",
       "      <td>4.640635e+05</td>\n",
       "      <td>2025-01-04 19:32:53.928585</td>\n",
       "    </tr>\n",
       "    <tr>\n",
       "      <th>1</th>\n",
       "      <td>SVM_law_tfidf</td>\n",
       "      <td>99.62</td>\n",
       "      <td>99.62</td>\n",
       "      <td>99.92</td>\n",
       "      <td>99.57</td>\n",
       "      <td>99.67</td>\n",
       "      <td>0.0</td>\n",
       "      <td>3.163521e+06</td>\n",
       "      <td>2025-01-04 19:14:42.471176</td>\n",
       "    </tr>\n",
       "    <tr>\n",
       "      <th>8</th>\n",
       "      <td>SVM_law_tfidf</td>\n",
       "      <td>99.56</td>\n",
       "      <td>99.56</td>\n",
       "      <td>99.92</td>\n",
       "      <td>99.52</td>\n",
       "      <td>99.60</td>\n",
       "      <td>0.0</td>\n",
       "      <td>3.335976e+06</td>\n",
       "      <td>2025-01-04 19:30:22.999070</td>\n",
       "    </tr>\n",
       "    <tr>\n",
       "      <th>21</th>\n",
       "      <td>XGBoost_finance_mini</td>\n",
       "      <td>99.32</td>\n",
       "      <td>99.31</td>\n",
       "      <td>99.99</td>\n",
       "      <td>99.61</td>\n",
       "      <td>99.04</td>\n",
       "      <td>0.0</td>\n",
       "      <td>3.225902e+05</td>\n",
       "      <td>2025-01-04 19:42:02.735302</td>\n",
       "    </tr>\n",
       "    <tr>\n",
       "      <th>4</th>\n",
       "      <td>fastText_law_fasttext</td>\n",
       "      <td>98.81</td>\n",
       "      <td>98.81</td>\n",
       "      <td>98.78</td>\n",
       "      <td>98.57</td>\n",
       "      <td>99.04</td>\n",
       "      <td>0.0</td>\n",
       "      <td>2.149092e+04</td>\n",
       "      <td>2025-01-04 19:22:40.063981</td>\n",
       "    </tr>\n",
       "    <tr>\n",
       "      <th>25</th>\n",
       "      <td>XGBoost_finance_baai</td>\n",
       "      <td>99.32</td>\n",
       "      <td>99.31</td>\n",
       "      <td>99.98</td>\n",
       "      <td>99.63</td>\n",
       "      <td>99.02</td>\n",
       "      <td>0.0</td>\n",
       "      <td>3.227925e+05</td>\n",
       "      <td>2025-01-04 19:45:55.374688</td>\n",
       "    </tr>\n",
       "    <tr>\n",
       "      <th>5</th>\n",
       "      <td>fastText_law_fasttext</td>\n",
       "      <td>98.77</td>\n",
       "      <td>98.79</td>\n",
       "      <td>98.75</td>\n",
       "      <td>98.56</td>\n",
       "      <td>98.99</td>\n",
       "      <td>0.0</td>\n",
       "      <td>2.294374e+04</td>\n",
       "      <td>2025-01-04 19:23:45.728613</td>\n",
       "    </tr>\n",
       "    <tr>\n",
       "      <th>3</th>\n",
       "      <td>fastText_law_fasttext</td>\n",
       "      <td>98.79</td>\n",
       "      <td>98.80</td>\n",
       "      <td>98.77</td>\n",
       "      <td>98.59</td>\n",
       "      <td>98.99</td>\n",
       "      <td>0.0</td>\n",
       "      <td>2.187053e+04</td>\n",
       "      <td>2025-01-04 19:18:42.687004</td>\n",
       "    </tr>\n",
       "    <tr>\n",
       "      <th>0</th>\n",
       "      <td>fastText_law_fasttext</td>\n",
       "      <td>98.77</td>\n",
       "      <td>98.78</td>\n",
       "      <td>98.74</td>\n",
       "      <td>98.54</td>\n",
       "      <td>98.99</td>\n",
       "      <td>0.0</td>\n",
       "      <td>2.288228e+04</td>\n",
       "      <td>2025-01-04 19:09:35.416522</td>\n",
       "    </tr>\n",
       "    <tr>\n",
       "      <th>22</th>\n",
       "      <td>SVM_finance_tfidf</td>\n",
       "      <td>99.06</td>\n",
       "      <td>99.04</td>\n",
       "      <td>99.40</td>\n",
       "      <td>99.41</td>\n",
       "      <td>98.70</td>\n",
       "      <td>0.0</td>\n",
       "      <td>1.703160e+06</td>\n",
       "      <td>2025-01-04 19:44:00.797597</td>\n",
       "    </tr>\n",
       "    <tr>\n",
       "      <th>12</th>\n",
       "      <td>fastText_healthcare_fasttext</td>\n",
       "      <td>98.61</td>\n",
       "      <td>98.60</td>\n",
       "      <td>98.67</td>\n",
       "      <td>98.66</td>\n",
       "      <td>98.56</td>\n",
       "      <td>0.0</td>\n",
       "      <td>1.545161e+04</td>\n",
       "      <td>2025-01-04 19:33:07.711438</td>\n",
       "    </tr>\n",
       "    <tr>\n",
       "      <th>20</th>\n",
       "      <td>SVM_finance_mini</td>\n",
       "      <td>98.23</td>\n",
       "      <td>98.19</td>\n",
       "      <td>98.54</td>\n",
       "      <td>99.29</td>\n",
       "      <td>97.20</td>\n",
       "      <td>0.0</td>\n",
       "      <td>1.670859e+06</td>\n",
       "      <td>2025-01-04 19:41:54.239970</td>\n",
       "    </tr>\n",
       "    <tr>\n",
       "      <th>24</th>\n",
       "      <td>SVM_finance_baai</td>\n",
       "      <td>97.54</td>\n",
       "      <td>97.47</td>\n",
       "      <td>97.70</td>\n",
       "      <td>98.77</td>\n",
       "      <td>96.35</td>\n",
       "      <td>0.0</td>\n",
       "      <td>1.405068e+06</td>\n",
       "      <td>2025-01-04 19:45:48.365622</td>\n",
       "    </tr>\n",
       "    <tr>\n",
       "      <th>23</th>\n",
       "      <td>XGBoost_finance_tfidf</td>\n",
       "      <td>92.45</td>\n",
       "      <td>92.62</td>\n",
       "      <td>92.70</td>\n",
       "      <td>88.92</td>\n",
       "      <td>96.27</td>\n",
       "      <td>0.0</td>\n",
       "      <td>1.625929e+06</td>\n",
       "      <td>2025-01-04 19:44:17.185024</td>\n",
       "    </tr>\n",
       "    <tr>\n",
       "      <th>19</th>\n",
       "      <td>fastText_finance_fasttext</td>\n",
       "      <td>94.34</td>\n",
       "      <td>94.30</td>\n",
       "      <td>94.49</td>\n",
       "      <td>93.57</td>\n",
       "      <td>95.12</td>\n",
       "      <td>0.0</td>\n",
       "      <td>1.169094e+04</td>\n",
       "      <td>2025-01-04 19:39:17.946764</td>\n",
       "    </tr>\n",
       "  </tbody>\n",
       "</table>\n",
       "</div>"
      ],
      "text/plain": [
       "                           model     f1  accuracy  train_accuracy  recall  \\\n",
       "14       XGBoost_healthcare_mini  99.90     99.90           99.99   99.88   \n",
       "13           SVM_healthcare_mini  99.78     99.77           99.78   99.68   \n",
       "18       XGBoost_healthcare_baai  99.89     99.89           99.99   99.90   \n",
       "16      XGBoost_healthcare_tfidf  99.06     99.06           99.17   98.26   \n",
       "6                   SVM_law_mini  99.84     99.84           99.93   99.80   \n",
       "7               XGBoost_law_mini  99.86     99.86          100.00   99.87   \n",
       "11              XGBoost_law_baai  99.73     99.74          100.00   99.67   \n",
       "9              XGBoost_law_tfidf  98.72     98.75           99.03   97.73   \n",
       "17           SVM_healthcare_baai  99.51     99.51           99.59   99.30   \n",
       "15          SVM_healthcare_tfidf  99.65     99.65           99.90   99.58   \n",
       "2              XGBoost_law_tfidf  98.64     98.66           99.05   97.59   \n",
       "10                  SVM_law_baai  99.71     99.71           99.81   99.75   \n",
       "1                  SVM_law_tfidf  99.62     99.62           99.92   99.57   \n",
       "8                  SVM_law_tfidf  99.56     99.56           99.92   99.52   \n",
       "21          XGBoost_finance_mini  99.32     99.31           99.99   99.61   \n",
       "4          fastText_law_fasttext  98.81     98.81           98.78   98.57   \n",
       "25          XGBoost_finance_baai  99.32     99.31           99.98   99.63   \n",
       "5          fastText_law_fasttext  98.77     98.79           98.75   98.56   \n",
       "3          fastText_law_fasttext  98.79     98.80           98.77   98.59   \n",
       "0          fastText_law_fasttext  98.77     98.78           98.74   98.54   \n",
       "22             SVM_finance_tfidf  99.06     99.04           99.40   99.41   \n",
       "12  fastText_healthcare_fasttext  98.61     98.60           98.67   98.66   \n",
       "20              SVM_finance_mini  98.23     98.19           98.54   99.29   \n",
       "24              SVM_finance_baai  97.54     97.47           97.70   98.77   \n",
       "23         XGBoost_finance_tfidf  92.45     92.62           92.70   88.92   \n",
       "19     fastText_finance_fasttext  94.34     94.30           94.49   93.57   \n",
       "\n",
       "    precision  cost       latency                        date  \n",
       "14      99.93   0.0  3.172549e+05  2025-01-04 19:34:24.172344  \n",
       "13      99.88   0.0  5.829084e+05  2025-01-04 19:34:18.048519  \n",
       "18      99.88   0.0  3.203994e+05  2025-01-04 19:39:12.884218  \n",
       "16      99.87   0.0  4.751795e+06  2025-01-04 19:38:18.472055  \n",
       "6       99.87   0.0  5.956841e+05  2025-01-04 19:25:06.609748  \n",
       "7       99.85   0.0  3.177272e+05  2025-01-04 19:25:12.213906  \n",
       "11      99.80   0.0  3.210361e+05  2025-01-04 19:33:00.493060  \n",
       "9       99.74   0.0  6.985026e+06  2025-01-04 19:31:31.535912  \n",
       "17      99.73   0.0  4.535523e+05  2025-01-04 19:39:06.391567  \n",
       "15      99.73   0.0  2.274634e+06  2025-01-04 19:37:32.629691  \n",
       "2       99.72   0.0  6.410918e+06  2025-01-04 19:15:46.066151  \n",
       "10      99.67   0.0  4.640635e+05  2025-01-04 19:32:53.928585  \n",
       "1       99.67   0.0  3.163521e+06  2025-01-04 19:14:42.471176  \n",
       "8       99.60   0.0  3.335976e+06  2025-01-04 19:30:22.999070  \n",
       "21      99.04   0.0  3.225902e+05  2025-01-04 19:42:02.735302  \n",
       "4       99.04   0.0  2.149092e+04  2025-01-04 19:22:40.063981  \n",
       "25      99.02   0.0  3.227925e+05  2025-01-04 19:45:55.374688  \n",
       "5       98.99   0.0  2.294374e+04  2025-01-04 19:23:45.728613  \n",
       "3       98.99   0.0  2.187053e+04  2025-01-04 19:18:42.687004  \n",
       "0       98.99   0.0  2.288228e+04  2025-01-04 19:09:35.416522  \n",
       "22      98.70   0.0  1.703160e+06  2025-01-04 19:44:00.797597  \n",
       "12      98.56   0.0  1.545161e+04  2025-01-04 19:33:07.711438  \n",
       "20      97.20   0.0  1.670859e+06  2025-01-04 19:41:54.239970  \n",
       "24      96.35   0.0  1.405068e+06  2025-01-04 19:45:48.365622  \n",
       "23      96.27   0.0  1.625929e+06  2025-01-04 19:44:17.185024  \n",
       "19      95.12   0.0  1.169094e+04  2025-01-04 19:39:17.946764  "
      ]
     },
     "execution_count": 8,
     "metadata": {},
     "output_type": "execute_result"
    }
   ],
   "source": [
    "results_sorted = results.sort_values(by='precision', ascending=False)\n",
    "results_sorted"
   ]
  },
  {
   "cell_type": "code",
   "execution_count": 9,
   "metadata": {},
   "outputs": [
    {
     "data": {
      "text/html": [
       "<div>\n",
       "<style scoped>\n",
       "    .dataframe tbody tr th:only-of-type {\n",
       "        vertical-align: middle;\n",
       "    }\n",
       "\n",
       "    .dataframe tbody tr th {\n",
       "        vertical-align: top;\n",
       "    }\n",
       "\n",
       "    .dataframe thead th {\n",
       "        text-align: right;\n",
       "    }\n",
       "</style>\n",
       "<table border=\"1\" class=\"dataframe\">\n",
       "  <thead>\n",
       "    <tr style=\"text-align: right;\">\n",
       "      <th></th>\n",
       "      <th>model</th>\n",
       "      <th>f1</th>\n",
       "      <th>accuracy</th>\n",
       "      <th>train_accuracy</th>\n",
       "      <th>recall</th>\n",
       "      <th>precision</th>\n",
       "      <th>cost</th>\n",
       "      <th>latency</th>\n",
       "      <th>date</th>\n",
       "    </tr>\n",
       "  </thead>\n",
       "  <tbody>\n",
       "    <tr>\n",
       "      <th>14</th>\n",
       "      <td>XGBoost_healthcare_mini</td>\n",
       "      <td>99.90</td>\n",
       "      <td>99.90</td>\n",
       "      <td>99.99</td>\n",
       "      <td>99.88</td>\n",
       "      <td>99.93</td>\n",
       "      <td>0.0</td>\n",
       "      <td>3.172549e+05</td>\n",
       "      <td>2025-01-04 19:34:24.172344</td>\n",
       "    </tr>\n",
       "    <tr>\n",
       "      <th>18</th>\n",
       "      <td>XGBoost_healthcare_baai</td>\n",
       "      <td>99.89</td>\n",
       "      <td>99.89</td>\n",
       "      <td>99.99</td>\n",
       "      <td>99.90</td>\n",
       "      <td>99.88</td>\n",
       "      <td>0.0</td>\n",
       "      <td>3.203994e+05</td>\n",
       "      <td>2025-01-04 19:39:12.884218</td>\n",
       "    </tr>\n",
       "    <tr>\n",
       "      <th>7</th>\n",
       "      <td>XGBoost_law_mini</td>\n",
       "      <td>99.86</td>\n",
       "      <td>99.86</td>\n",
       "      <td>100.00</td>\n",
       "      <td>99.87</td>\n",
       "      <td>99.85</td>\n",
       "      <td>0.0</td>\n",
       "      <td>3.177272e+05</td>\n",
       "      <td>2025-01-04 19:25:12.213906</td>\n",
       "    </tr>\n",
       "    <tr>\n",
       "      <th>6</th>\n",
       "      <td>SVM_law_mini</td>\n",
       "      <td>99.84</td>\n",
       "      <td>99.84</td>\n",
       "      <td>99.93</td>\n",
       "      <td>99.80</td>\n",
       "      <td>99.87</td>\n",
       "      <td>0.0</td>\n",
       "      <td>5.956841e+05</td>\n",
       "      <td>2025-01-04 19:25:06.609748</td>\n",
       "    </tr>\n",
       "    <tr>\n",
       "      <th>13</th>\n",
       "      <td>SVM_healthcare_mini</td>\n",
       "      <td>99.78</td>\n",
       "      <td>99.77</td>\n",
       "      <td>99.78</td>\n",
       "      <td>99.68</td>\n",
       "      <td>99.88</td>\n",
       "      <td>0.0</td>\n",
       "      <td>5.829084e+05</td>\n",
       "      <td>2025-01-04 19:34:18.048519</td>\n",
       "    </tr>\n",
       "    <tr>\n",
       "      <th>11</th>\n",
       "      <td>XGBoost_law_baai</td>\n",
       "      <td>99.73</td>\n",
       "      <td>99.74</td>\n",
       "      <td>100.00</td>\n",
       "      <td>99.67</td>\n",
       "      <td>99.80</td>\n",
       "      <td>0.0</td>\n",
       "      <td>3.210361e+05</td>\n",
       "      <td>2025-01-04 19:33:00.493060</td>\n",
       "    </tr>\n",
       "    <tr>\n",
       "      <th>10</th>\n",
       "      <td>SVM_law_baai</td>\n",
       "      <td>99.71</td>\n",
       "      <td>99.71</td>\n",
       "      <td>99.81</td>\n",
       "      <td>99.75</td>\n",
       "      <td>99.67</td>\n",
       "      <td>0.0</td>\n",
       "      <td>4.640635e+05</td>\n",
       "      <td>2025-01-04 19:32:53.928585</td>\n",
       "    </tr>\n",
       "    <tr>\n",
       "      <th>15</th>\n",
       "      <td>SVM_healthcare_tfidf</td>\n",
       "      <td>99.65</td>\n",
       "      <td>99.65</td>\n",
       "      <td>99.90</td>\n",
       "      <td>99.58</td>\n",
       "      <td>99.73</td>\n",
       "      <td>0.0</td>\n",
       "      <td>2.274634e+06</td>\n",
       "      <td>2025-01-04 19:37:32.629691</td>\n",
       "    </tr>\n",
       "    <tr>\n",
       "      <th>1</th>\n",
       "      <td>SVM_law_tfidf</td>\n",
       "      <td>99.62</td>\n",
       "      <td>99.62</td>\n",
       "      <td>99.92</td>\n",
       "      <td>99.57</td>\n",
       "      <td>99.67</td>\n",
       "      <td>0.0</td>\n",
       "      <td>3.163521e+06</td>\n",
       "      <td>2025-01-04 19:14:42.471176</td>\n",
       "    </tr>\n",
       "    <tr>\n",
       "      <th>8</th>\n",
       "      <td>SVM_law_tfidf</td>\n",
       "      <td>99.56</td>\n",
       "      <td>99.56</td>\n",
       "      <td>99.92</td>\n",
       "      <td>99.52</td>\n",
       "      <td>99.60</td>\n",
       "      <td>0.0</td>\n",
       "      <td>3.335976e+06</td>\n",
       "      <td>2025-01-04 19:30:22.999070</td>\n",
       "    </tr>\n",
       "    <tr>\n",
       "      <th>17</th>\n",
       "      <td>SVM_healthcare_baai</td>\n",
       "      <td>99.51</td>\n",
       "      <td>99.51</td>\n",
       "      <td>99.59</td>\n",
       "      <td>99.30</td>\n",
       "      <td>99.73</td>\n",
       "      <td>0.0</td>\n",
       "      <td>4.535523e+05</td>\n",
       "      <td>2025-01-04 19:39:06.391567</td>\n",
       "    </tr>\n",
       "    <tr>\n",
       "      <th>21</th>\n",
       "      <td>XGBoost_finance_mini</td>\n",
       "      <td>99.32</td>\n",
       "      <td>99.31</td>\n",
       "      <td>99.99</td>\n",
       "      <td>99.61</td>\n",
       "      <td>99.04</td>\n",
       "      <td>0.0</td>\n",
       "      <td>3.225902e+05</td>\n",
       "      <td>2025-01-04 19:42:02.735302</td>\n",
       "    </tr>\n",
       "    <tr>\n",
       "      <th>25</th>\n",
       "      <td>XGBoost_finance_baai</td>\n",
       "      <td>99.32</td>\n",
       "      <td>99.31</td>\n",
       "      <td>99.98</td>\n",
       "      <td>99.63</td>\n",
       "      <td>99.02</td>\n",
       "      <td>0.0</td>\n",
